29	29
!	145
only	107
39	39
stars	126
18	18
at	142
19	19
letter	123
65	65
80	80
45	45
23	23
5	5
82	82
good	128
57	57
59	59
40	40
love	122
white	119
77	77
95	95
to	109
sarcastic	114
76	76
25	25
100	100
had	108
53	53
face	117
48	48
88	88
28	28
33	33
52	52
about	111
dreams	140
60	60
78	78
36	36
winking	116
13	13
74	74
dancer	148
myself	112
night	124
daily	105
palladium	144
on	103
75	75
66	66
3	3
14	14
9	9
wish	102
51	51
can't	130
tour	141
31	31
6	6
city	138
85	85
a	104
71	71
8	8
44	44
20	20
10	10
64	64
38	38
34	34
4	4
unk	149
92	92
62	62
1	1
63	63
87	87
91	91
58	58
17	17
89	89
94	94
study	135
sleep	131
22	22
90	90
l	133
81	81
2	2
37	37
smiling	120
sleepy	118
worry	110
blossom	121
i	101
97	97
86	86
96	96
15	15
of	139
7	7
42	42
46	46
21	21
67	67
tweet	115
49	49
93	93
30	30
the	137
54	54
dancing	136
should	134
83	83
24	24
12	12
72	72
69	69
98	98
holly	146
26	26
84	84
43	43
hollywood	143
with	125
99	99
56	56
@calogero_rizzo	127
basis	106
wood	147
now	132
16	16
41	41
47	47
55	55
61	61
11	11
35	35
calogero	129
73	73
50	50
68	68
.	113
32	32
79	79
27	27
70	70
